Linux 4.4.0-142-generic (ubuntu) 	10/05/2024 	_x86_64_	(2 CPU)

11:27:13 AM kbmemfree kbmemused  %memused kbbuffers  kbcached  kbcommit   %commit  kbactive   kbinact   kbdirty
11:27:14 AM    920060   1128084     55.08     54956    453932   2777412     67.03    722248    293500         0
11:27:15 AM    920044   1128100     55.08     54956    453932   2777412     67.03    722252    293500         0
11:27:16 AM    919780   1128364     55.09     54956    453932   2777412     67.03    722340    293500         0
11:27:17 AM    919920   1128224     55.09     54956    453932   2777412     67.03    722276    293500         0
11:27:18 AM    919920   1128224     55.09     54956    453932   2777412     67.03    722252    293500         0
11:27:19 AM    919920   1128224     55.09     54956    453932   2777412     67.03    722252    293500         0
11:27:20 AM    919728   1128416     55.09     54956    453932   2850348     68.80    722252    293500         0
11:27:21 AM    919904   1128240     55.09     54956    453932   2810972     67.84    722284    293500         4
11:27:22 AM    919888   1128256     55.09     54956    453932   2810972     67.84    722300    293500         4
